9_0 58 62 97 101 410 414 449 453
9_1 47 55 61 111 119 392 400 450 456 464
9_2 29 106 135 376 405 482
9_3 85 117 394 426
9_4 46 244 248 263 267 465
9_5 99 156 355 412
9_6 54 55 92 93 206 207 304 305 418 419 456 457
9_7 101 105 109 145 149 153 180 184 188 323 327 331 358 362 366 402 406 410
9_8 113 121 226 234 277 285 390 398
9_9 123 388
9_10 59 452
9_11 71 87 168 184 327 343 424 440
9_12 182 242 269 329
9_13 35 51 228 244 267 283 460 476
9_14 106 135 178 197 240 271 314 333 376 405
9_15 185 235 236 275 276 326
9_16 224 240 271 287
9_17 31 47 91 107 181 214 230 241 270 281 297 330 404 420 464 480
9_18 50 60 116 149 164 185 241 270 326 347 362 395 451 461
9_19 66 445
10_0 181 198 236 283 295 306 373 650 717 728 740 787 825 842
10_1 103 147 434 589 876 920
10_2 340 419 604 683
10_3 79 87 172 173 180 181 396 397 404 405 504 519 618 619 626 627 842 843 850 851 936 944
10_4 47 122 211 347 442 488 535 581 676 812 901 976
10_5 46 219 234 241 271 293 412 459 481 542 564 611 730 752 782 789 804 977
10_6 179 201 340 378 389 427 596 634 645 683 822 844
10_7 137 476 547 886
10_8 185 313 710 838
10_9 167 183 263 279 353 369 389 405 618 634 654 670 744 760 840 856
10_10 46 150 170 308 346 432 591 677 715 853 873 977
10_11 57 109 143 214 305 331 357 391 395 628 632 666 692 718 809 880 914 966
10_12 199 208 230 317 706 793 815 824
10_13 123 185 217 235 254 361 380 442 474 492 531 549 581 643 662 769 788 806 838 900
10_14 110 154 249 372 651 774 869 913
10_15 397 402 429 434 589 594 621 626
10_16 63 189 210 283 309 314 399 409 614 624 709 714 740 813 834 960
10_17 219 251 277 309 346 378 394 426 597 629 645 677 714 746 772 804
10_18 203 221 267 285 334 410 451 469 489 534 554 572 613 689 738 756 802 820
10_19 197 206 229 238 325 334 357 366 394 396 406 426 428 438 456 466 468 488 498 500 523 525 535 555 557 567 585 595 597 617 627 629 657 666 689 698 785 794 817 826
11_0 175 318 412 483 618 712 829 838 948 1099 1209 1218 1335 1429 1564 1635 1729 1872
11_1 61 335 350 505 693 744 809 824 967 982 1065 1080 1223 1238 1303 1354 1542 1697 1712 1986
11_2 156 483 723 862 888 909 918 944 1103 1129 1138 1159 1185 1324 1564 1891
11_3 61 103 303 357 537 579 662 682 736 779 833 916 936 1111 1131 1214 1268 1311 1365 1385 1468 1510 1690 1744 1944 1986
11_4 93 107 191 201 232 243 303 355 360 397 439 444 449 496 615 620 633 709 756 837 868 937 1110 1179 1210 1291 1338 1414 1427 1432 1551 1598 1603 1608 1650 1687 1692 1744 1804 1815 1846 1856 1940 1954
11_5 318 555 748 869 1000 1047 1178 1299 1492 1729
11_6 280 301 305 344 365 369 402 423 426 466 487 490 664 685 689 728 749 753 777 841 899 963 1084 1148 1206 1270 1294 1298 1319 1358 1362 1383 1557 1560 1581 1621 1624 1645 1678 1682 1703 1742 1746 1767
11_7 261 361 473 517 525 611 723 772 780 866 978 1069 1181 1267 1275 1324 1436 1522 1530 1574 1686 1786
11_8 79 107 365 467 494 583 601 611 730 869 988 998 1016 1031 1049 1059 1178 1317 1436 1446 1464 1553 1580 1682 1940 1968
11_9 216 357 571 670 739 835 1212 1308 1377 1476 1690 1831
11_10 308 316 339 347 593 601 659 667 722 730 1317 1325 1380 1388 1446 1454 1700 1708 1731 1739
11_11 157 163 166 197 202 271 371 374 444 484 504 543 583 653 682 713 756 830 861 870 890 1000 1047 1157 1177 1186 1217 1291 1334 1365 1394 1464 1504 1543 1563 1603 1673 1676 1776 1845 1850 1881 1884 1890
11_12 299 314 418 746 779 794 898 937 952 1095 1110 1149 1253 1268 1301 1629 1733 1748
11_13 174 190 301 317 419 435 480 496 710 726 837 853 1194 1210 1321 1337 1551 1567 1612 1628 1730 1746 1857 1873
11_14 95 102 122 223 230 250 315 443 551 556 566 679 684 694 1353 1363 1368 1481 1491 1496 1604 1732 1797 1817 1824 1925 1945 1952
11_15 237 399 474 477 590 627 710 744 861 870 906 909 981 984 1063 1066 1138 1141 1177 1186 1303 1337 1420 1457 1570 1573 1648 1810
11_16 93 227 370 441 446 557 604 693 738 952 1095 1309 1354 1443 1490 1601 1606 1677 1820 1954
11_17 47 105 190 248 267 327 410 413 470 558 567 616 625 669 778 787 838 1209 1260 1269 1378 1422 1431 1480 1489 1577 1634 1637 1720 1780 1799 1857 1942 2000
11_18 295 357 358 711 1336 1689 1690 1752
11_19 93 95 237 239 297 299 364 366 401 403 468 470 541 543 685 687 812 814 916 918 1129 1131 1233 1235 1360 1362 1504 1506 1577 1579 1644 1646 1681 1683 1748 1750 1808 1810 1952 1954
12_0 227 287 414 707 821 948 1150 1209 1403 1493 1530 1571 1630 1689 1698 1883 2010 2085 2212 2397 2406 2465 2524 2565 2602 2692 2886 2945 3147 3274 3388 3681 3808 3868
12_1 59 316 345 369 399 423 775 810 914 1244 1268 1620 1738 1762 2333 2357 2475 2827 2851 3181 3285 3320 3672 3696 3726 3750 3779 4036
12_2 28 92 308 372 411 443 475 507 519 551 583 615 665 697 729 761 914 938 946 978 1002 1010 1046 1070 1078 1110 1134 1142 1305 1337 1369 1401 1413 1445 1477 1509 1715 1779 1808 1832 1840 1872 1896 1904 2191 2199 2223 2255 2263 2287 2316 2380 2586 2618 2650 2682 2694 2726 2758 2790 2953 2961 2985 3017 3025 3049 3085 3093 3117 3149 3157 3181 3334 3366 3398 3430 3480 3512 3544 3576 3588 3620 3652 3684 3723 3787 4003 4067
12_3 29 39 59 85 115 135 155 211 278 302 398 519 539 595 782 956 1012 1142 1238 1262 1291 1347 1521 1622 1646 1717 1742 1905 2001 2025 2070 2094 2190 2353 2378 2449 2473 2574 2748 2804 2833 2857 2953 3083 3139 3313 3500 3556 3576 3697 3793 3817 3884 3940 3960 3980 4010 4036 4056 4066
12_4 55 207 445 474 476 505 628 729 845 946 1266 1268 1302 1331 1333 1362 1382 1483 1485 1557 1617 1637 1722 1724 1818 1838 1898 1926 1955 2140 2169 2197 2257 2277 2371 2373 2458 2478 2538 2610 2612 2713 2733 2762 2764 2793 2827 2829 3149 3250 3366 3467 3590 3619 3621 3650 3888 4040
12_5 185 407 1073 1177 1195 1210 2885 2900 2918 3022 3688 3910
12_6 318 379 443 444 477 478 815 889 890 941 954 975 988 1085 1119 1134 1183 1259 1260 1299 1300 1376 1425 1440 1474 1595 1596 1629 1630 1694 1721 1755 1770 1783 1797 1810 1936 2159 2285 2298 2312 2325 2340 2374 2401 2465 2466 2499 2500 2621 2655 2670 2719 2795 2796 2835 2836 2912 2961 2976 3010 3107 3120 3141 3154 3205 3206 3280 3617 3618 3651 3652 3716 3777
12_7 78 174 221 247 302 349 445 487 502 633 669 711 726 731 740 859 868 873 888 909 924 935 950 955 966 1070 1117 1143 1228 1259 1274 1341 1383 1398 1452 1514 1565 1607 1622 1627 1636 1703 1718 1738 1805 1820 1831 1846 1851 1862 1962 2009 2086 2133 2233 2244 2249 2264 2275 2290 2357 2377 2392 2459 2468 2473 2488 2530 2581 2643 2697 2712 2754 2821 2836 2867 2952 2978 3025 3129 3140 3145 3160 3171 3186 3207 3222 3227 3236 3355 3364 3369 3384 3426 3462 3593 3608 3650 3746 3793 3848 3874 3921 4017
12_8 425 488 809 872 1207 1270 1375 1591 1654 1694 1745 2350 2401 2441 2504 2720 2825 2888 3223 3286 3607 3670
12_9 207 252 310 412 459 504 602 698 1085 1110 1206 1337 1362 1458 2637 2733 2758 2889 2985 3010 3397 3493 3591 3636 3683 3785 3843 3888
12_10 269 301 647 661 679 693 972 1004 1926 1940 1958 1972 2123 2137 2155 2169 3091 3123 3402 3416 3434 3448 3794 3826
12_11 351 375 473 497 917 1369 1393 1813 2282 2702 2726 3178 3598 3622 3720 3744
12_12 219 412 433 459 468 573 629 762 813 869 1002 1055 1111 1295 1304 1351 1360 1458 1598 1654 1709 1765 1838 1894 2201 2257 2330 2386 2441 2497 2637 2735 2744 2791 2800 2984 3040 3093 3226 3282 3333 3466 3522 3627 3636 3662 3683 3876
12_13 225 399 413 551 565 620 819 874 888 1223 1237 1454 1468 1491 1707 1721 1825 1886 2209 2270 2374 2388 2604 2627 2641 2858 2872 3207 3221 3276 3475 3530 3544 3682 3696 3870
12_14 474 489 567 716 812 857 932 977 1140 1229 1310 1325 1430 1445 1689 1813 1867 1987 2108 2228 2282 2406 2650 2665 2770 2785 2866 2955 3118 3163 3238 3283 3379 3528 3606 3621
12_15 489 499 670 679 841 851 872 882 1496 1505 1676 1686 1857 1888 2207 2238 2409 2419 2590 2599 3213 3223 3244 3254 3416 3425 3596 3606
12_16 28 60 342 374 468 500 525 557 839 871 965 997 1100 1105 1132 1137 1306 1338 1432 1464 1803 1835 1929 1961 2134 2166 2260 2292 2631 2663 2757 2789 2958 2963 2990 2995 3098 3130 3224 3256 3538 3570 3595 3627 3721 3753 4035 4067
12_17 155 187 212 244 285 317 457 489 662 694 857 889 907 939 964 996 1102 1134 1424 1456 1607 1639 1684 1689 1716 1721 2374 2379 2406 2411 2456 2488 2639 2671 2961 2993 3099 3131 3156 3188 3206 3238 3401 3433 3606 3638 3778 3810 3851 3883 3908 3940
12_18 126 187 302 366 558 622 886 947 1118 1132 1179 1193 1294 1358 1457 1521 1550 1614 1713 1777 1878 1892 1939 1953 2142 2156 2203 2217 2318 2382 2481 2545 2574 2638 2737 2801 2902 2916 2963 2977 3148 3209 3473 3537 3729 3793 3908 3969
12_19 369 406 409 437 444 459 476 487 494 815 914 949 952 981 988 999 1002 1137 1174 1177 1205 1212 1227 1244 1255 1262 1285 1292 1440 1472 1583 1682 1717 1720 1749 1756 1767 1770 1797 1800 1984 2111 2295 2298 2325 2328 2339 2346 2375 2378 2413 2512 2623 2655 2803 2810 2833 2840 2851 2868 2883 2890 2918 2921 2958 3093 3096 3107 3114 3143 3146 3181 3280 3601 3608 3619 3636 3651 3658 3686 3689 3726
